2560 1600
1273 0
2556 2
21 11
34 11
623 13
626 13
1890 13
623 14
626 14
597 16
1899 17
1899 18
1946 18
1798 20
1863 20
1934 20
2188 20
2195 20
1773 21
1686 24
1687 24
1843 25
1844 25
1876 25
1877 25
2002 28
98 29
117 29
1951 29
2004 31
631 32
1312 32
2034 34
2008 36
1281 57
1737 57
1936 62
1945 62
1864 71
1877 71
1282 77
1282 78
1280 82
1283 82
1818 82
1280 83
1283 83
1813 83
1280 84
1280 85
1284 85
1280 86
1284 86
1285 88
1285 89
1285 90
1286 91
1286 92
1286 93
1287 95
1287 96
1287 97
1287 98
1288 99
1288 100
1288 101
1288 102
1289 105
1289 106
1289 107
1302 108
1338 109
1339 109
1340 109
1341 109
1342 109
1343 109
1312 110
1312 111
1312 112
1312 113
1312 114
1312 115
1312 116
1312 117
1312 118
1313 118
1313 119
1313 120
1313 121
1313 122
1313 123
1313 124
1313 125
1313 126
1313 127
1313 128
1313 129
1313 130
1313 131
1313 132
1313 133
1313 134
1313 135
1313 136
1313 137
1313 138
1313 139
1313 140
1313 141
1313 142
1313 143
1313 144
1313 145
1313 146
1313 147
1313 148
1313 149
1313 150
1313 151
1313 152
1313 153
1313 154
1314 155
1305 156
1308 156
1309 156
1308 158
1323 159
1324 159
1752 159
2184 159
1336 160
1329 161
1330 161
1332 161
1333 161
1338 161
1330 162
1331 162
1332 162
1337 162
1329 163
1333 163
1334 163
1333 164
1339 164
1731 164
1749 164
1326 165
1338 165
1340 165
1338 166
1339 166
1340 166
1333 167
1338 167
1340 168
1341 169
1334 170
1340 170
1339 171
1343 172
1357 173
1618 173
1627 173
1638 173
1648 173
1925 173
1926 173
1936 173
1975 173
1345 174
1353 174
1514 174
2073 174
2255 174
1616 175
1744 175
1777 175
1782 175
1783 175
2054 175
1517 176
1812 176
1821 176
1881 176
1882 176
1991 176
1366 177
1425 177
1549 177
1737 177
1806 177
1832 177
1833 177
1860 177
1864 177
1880 177
1927 177
2203 177
1347 178
1365 178
1399 178
1424 178
1764 178
1811 178
1832 178
1879 178
1981 178
1366 179
1415 179
1564 179
1833 179
2026 179
1281 180
1365 180
1417 180
1444 180
1492 180
1563 180
1637 180
1802 180
1871 180
2044 180
2087 180
2194 180
1347 181
1369 181
1492 181
1523 181
1560 181
1623 181
1681 181
1802 181
1859 181
1882 181
1885 181
1973 181
2049 181
2144 181
2259 181
1342 182
1402 182
1415 182
1439 182
1556 182
1821 182
1839 182
1880 182
2100 182
2195 182
1341 183
1354 183
1380 183
1542 183
1556 183
1650 183
1802 183
1923 183
2026 183
1483 184
1501 184
1574 184
1630 184
1738 184
1815 184
1845 184
2004 184
2011 184
2012 184
2143 184
1341 185
1347 185
1416 185
1459 185
1802 185
1881 185
1910 185
1914 185
1941 185
2002 185
2060 185
2069 185
2083 185
2259 185
1341 186
1416 186
1435 186
1558 186
1597 186
1642 186
1801 186
1802 186
1830 186
1894 186
1966 186
2106 186
2112 186
1342 187
1423 187
1501 187
1515 187
1528 187
1891 187
1919 187
1989 187
2017 187
2036 187
2083 187
1336 188
1340 188
1342 188
1385 188
1517 188
1584 188
1652 188
1801 188
1891 188
1892 188
1949 188
2025 188
2054 188
2060 188
1335 189
1342 189
1374 189
1375 189
1395 189
1436 189
1437 189
1519 189
1639 189
1652 189
1771 189
1801 189
1802 189
1842 189
1922 189
1949 189
1950 189
1982 189
1335 190
1336 190
1338 190
1506 190
1642 190
1652 190
1787 190
2110 190
1335 191
1344 191
1353 191
1379 191
1535 191
1573 191
1801 191
1802 191
1842 191
1879 191
1941 191
2068 191
2076 191
2100 191
2143 191
2211 191
1336 192
1337 192
1344 192
1353 192
1838 192
1966 192
1992 192
2018 192
2076 192
1337 193
1344 193
1363 193
1461 193
1519 193
1556 193
1927 193
1939 193
1956 193
1981 193
2094 193
1343 194
1345 194
1374 194
1383 194
1409 194
1615 194
1806 194
1815 194
1880 194
1966 194
1982 194
1996 194
2026 194
2065 194
2263 194
1338 195
1429 195
1451 195
1453 195
1568 195
1588 195
1617 195
1821 195
1868 195
1318 196
1337 196
1341 196
1454 196
1493 196
1512 196
1568 196
1816 196
1822 196
1877 196
2028 196
1434 197
1512 197
1513 197
1873 197
1920 197
1965 197
1966 197
1989 197
2040 197
2068 197
2086 197
1772 198
1784 198
1785 198
1828 198
1896 198
1946 198
1960 198
2010 198
2086 198
1345 199
1347 199
1356 199
1638 199
1827 199
1838 199
1945 199
1986 199
2032 199
2033 199
1345 200
1348 200
1896 200
1291 201
1340 201
1345 201
1348 201
1824 201
1831 201
1896 201
1993 201
2049 201
1346 202
1588 202
1830 202
1831 202
1884 202
1994 202
2050 202
1339 203
1426 203
1460 203
1517 203
1582 203
2102 203
1353 204
1884 204
1890 204
1291 205
1337 205
1338 205
1335 206
1336 206
1335 207
1336 207
1335 208
1336 208
1293 209
1335 209
1336 209
1335 210
1336 210
1337 211
1338 211
1324 212
1325 212
1326 212
1297 214
1294 216
1295 217
1296 218
1294 219
1296 219
1295 220
1291 222
1323 223
1329 224
1330 224
1286 225
1286 226
1286 227
1286 228
1286 229
1286 230
1286 231
1286 232
1286 233
1286 234
1286 235
1286 236
1286 237
1298 240
1653 240
1688 240
2373 241
2405 241
2435 241
2488 241
1437 242
2135 242
1286 243
1807 243
2054 243
2089 243
2137 243
2490 243
1286 244
2189 244
2442 244
1749 245
1752 245
1826 245
2154 245
2244 245
2356 245
1409 246
1580 246
1683 246
1743 246
1779 246
1813 246
1743 247
1932 247
2327 247
1558 248
1563 248
1593 248
2506 248
1492 249
1508 249
1577 249
1596 249
1603 249
1989 249
1286 250
1452 250
1866 250
2477 250
2497 250
1286 251
1333 251
1412 251
1504 251
1658 251
1880 251
2505 251
1288 252
1542 252
1617 252
1743 252
1993 252
2199 252
2327 252
2519 252
1386 253
1394 253
1542 253
2011 253
2025 253
2029 253
1474 254
1542 254
1638 254
2080 254
1347 255
1409 255
1612 255
1380 256
1813 256
1893 256
1929 256
1993 256
2111 256
2276 256
2283 256
1286 257
1347 257
1504 257
1558 257
1743 257
1907 257
2304 257
1434 258
1481 258
1520 258
1536 258
1645 258
2146 258
2327 258
2378 258
2498 258
2520 258
1473 259
1603 259
1626 259
1820 259
1849 259
2051 259
2258 259
2371 259
2467 259
2503 259
1587 260
1603 260
2197 260
2484 260
1389 261
1392 261
1560 261
1741 261
2469 261
1286 264
1286 265
1574 265
1286 267
1286 268
1286 269
1286 270
1286 271
1286 272
1286 273
1287 274
1286 275
1312 276
1344 277
1345 277
1346 277
1291 278
1295 279
1295 280
1295 281
1295 283
1295 284
1295 285
1295 286
1295 287
1295 288
1295 289
1521 289
1529 289
1530 289
1542 289
2052 289
2386 289
2389 289
1295 290
1295 291
1295 292
1392 292
1406 292
1295 293
1393 293
1536 293
2215 293
2220 293
2222 293
2382 293
2548 293
2549 293
2550 293
1295 294
1291 295
1295 295
1295 296
1376 296
1873 296
1966 296
2266 296
2383 296
1292 297
1295 297
1568 297
1871 297
1930 297
1978 297
2264 297
1295 298
1376 298
1390 298
1531 298
1887 298
1923 298
1295 299
1407 299
1936 299
1941 299
1959 299
1964 299
2034 299
2502 299
1307 300
1407 300
1994 300
1293 301
1297 301
1301 301
1407 301
1970 301
2498 301
1293 302
1296 302
1298 302
1300 302
1426 302
1782 302
1916 302
2107 302
1297 303
1789 303
1916 303
2506 303
1299 304
1397 304
1297 305
1389 305
1391 305
1890 305
1296 306
1297 306
1428 306
2257 306
2283 306
1296 307
1314 307
1942 307
2501 307
1297 308
1338 308
1340 308
1916 308
1773 309
2116 309
1582 310
2344 310
1396 311
1420 311
1960 311
2166 311
1420 312
1618 312
1868 312
2048 312
2093 312
2428 312
1300 313
1407 313
1528 313
1736 313
1806 313
1316 314
1481 314
1289 315
1291 315
2217 315
2218 315
2222 315
2224 315
2554 315
1295 317
1295 318
1295 319
1387 319
1295 320
1390 320
1295 321
2035 321
2036 321
2037 321
2043 321
2044 321
1295 322
1544 322
1295 323
1295 324
1295 325
1295 326
1295 327
1295 328
1295 329
1295 330
1295 331
1295 332
1296 333
1326 335
1327 335
1328 335
1299 336
1301 339
1302 339
1303 340
1304 341
1300 342
1301 342
1296 343
1297 343
1299 344
1302 345
1303 345
1303 346
1303 347
1301 348
1302 348
1301 349
1302 349
1310 350
1311 350
1324 352
1325 352
1326 352
1837 352
1975 352
1286 353
1288 354
1994 354
1288 355
1288 356
1287 357
1286 358
1286 359
1286 360
2486 360
2490 360
1286 361
1287 362
2510 362
1288 363
1287 364
1286 365
1286 366
2031 366
2273 366
2274 366
2327 366
2546 366
1286 367
1796 367
1286 368
1286 369
1286 370
2006 370
2020 370
2065 370
2107 370
2195 370
2288 370
2295 370
2358 370
2544 370
1286 371
2273 371
2276 371
2385 371
1286 372
1800 372
2043 372
2073 372
2096 372
2495 372
1286 373
2368 373
1286 374
2066 374
2397 374
1286 375
2391 375
1286 376
1959 376
2068 376
2208 376
2301 376
2337 376
1286 377
2058 377
2076 377
2102 377
2286 377
2337 377
1286 378
1974 378
2025 378
2080 378
2201 378
2377 378
1286 379
2107 379
2272 379
2307 379
1286 380
2381 380
1286 381
2208 381
2368 381
2381 381
1286 382
2084 382
2111 382
2204 382
2209 382
2337 382
1286 383
2188 383
2286 383
2315 383
2377 383
1286 384
1987 384
2004 384
2304 384
2305 384
2310 384
1286 385
2095 385
2182 385
2283 385
2289 385
2313 385
1286 386
1286 387
1961 387
2548 387
1286 388
1286 389
1962 389
1990 389
1286 390
2066 390
1286 391
1286 392
1286 393
2474 393
1286 394
1286 395
1288 396
1288 397
1288 398
1286 399
1312 400
1317 402
1318 402
1304 403
1301 404
1302 404
1300 406
1300 407
1301 407
1300 408
1301 408
1300 411
1301 411
1301 412
1302 412
1303 413
1299 414
1296 415
1297 415
1304 417
1351 418
1352 418
1356 418
1359 418
1360 418
1361 418
1362 418
1364 418
1366 418
1367 418
1369 418
1370 418
1372 418
1373 418
1375 418
1781 418
1806 418
1807 418
1808 418
1809 418
1810 418
1811 418
1812 418
1813 418
1814 418
1815 418
1816 418
1817 418
1818 418
1819 418
1820 418
1830 418
1831 418
1833 418
1834 418
1835 418
1836 418
1845 418
1846 418
1847 418
1849 418
1850 418
1851 418
1852 418
1860 418
1892 418
1906 418
1914 418
1335 420
1828 420
1286 421
1288 422
1286 423
1286 424
1286 425
1925 425
1286 426
1828 426
1286 427
1286 428
1286 429
1899 429
1286 430
1286 431
1286 432
1286 433
1286 434
1286 435
1286 436
1286 437
1286 438
1286 439
1286 440
1286 441
1286 442
1286 443
1286 444
1286 445
1286 446
1286 447
1286 448
1286 449
1286 450
1286 451
1286 452
1286 453
1293 454
1303 455
1292 456
1286 457
1286 458
1286 459
1286 460
1286 461
1286 462
1286 463
1286 464
1286 465
1286 466
1286 467
1286 468
1286 469
1286 470
1286 471
1286 472
1286 473
1286 474
1286 475
1286 476
1286 477
1286 478
1286 479
1286 480
1286 481
1291 482
1302 483
1869 483
1874 483
1878 483
1291 484
1286 485
1286 486
1286 487
1286 488
1286 489
1286 490
1286 491
1286 492
1286 493
1758 493
1286 494
1759 494
1286 495
1286 496
1286 497
1286 498
1286 499
1286 500
1737 500
1286 501
1286 502
1286 503
1286 504
1286 505
1286 506
1286 507
1741 507
1286 508
1286 509
1286 510
1734 510
1286 511
1286 512
1286 513
1286 514
1286 515
1286 516
1286 517
1286 518
1286 519
1286 520
1286 521
1286 522
1758 522
1286 523
1286 524
1747 524
1286 525
1286 526
1763 526
1286 527
1286 528
1286 529
1286 530
1762 530
1286 531
1286 532
1830 532
1286 533
1764 533
1286 534
1286 535
1790 535
1286 536
1763 536
1765 536
1286 537
1775 537
1286 538
1286 539
1807 539
1286 540
1769 540
1286 541
1286 542
1286 543
1286 544
1286 545
1286 546
1286 547
1847 547
1286 548
1286 549
1286 550
1286 551
1286 552
1847 552
1286 553
1286 554
1286 555
1286 556
1286 557
2046 557
1286 558
1286 559
1770 559
1781 559
1286 560
1532 560
2044 560
2502 560
2504 560
1286 561
1846 561
1286 562
2024 562
1286 563
1983 563
2043 563
2070 563
1286 564
1678 564
1784 564
2044 564
2054 564
2085 564
1286 565
1678 565
1968 565
1976 565
2066 565
1286 566
1778 566
1286 567
2011 567
2051 567
2066 567
1286 568
1985 568
1286 569
1907 569
1952 569
1999 569
2069 569
1286 570
1965 570
1992 570
2053 570
1286 571
2041 571
1286 572
2038 572
2077 572
1286 573
2084 573
1286 574
1986 574
1988 574
2057 574
2094 574
1286 575
1978 575
1286 576
1600 576
1797 576
1286 577
2412 577
1286 578
1810 578
1917 578
2430 578
1286 579
2086 579
1286 580
1653 580
1286 581
1594 581
1601 581
1652 581
1839 581
2407 581
1286 582
1286 583
1608 583
2381 583
2482 583
2484 583
1286 584
1540 584
1580 584
1808 584
1838 584
1840 584
1842 584
2410 584
2411 584
1286 585
1612 585
2438 585
2440 585
2442 585
2443 585
1286 586
1286 587
1633 587
1286 588
2434 588
1286 589
1286 590
1622 590
1641 590
1891 590
2427 590
2471 590
1286 591
1574 591
1588 591
1598 591
1619 591
1621 591
1839 591
1894 591
2405 591
2429 591
1286 592
1286 593
1994 593
1286 594
1893 594
1980 594
1286 595
1740 595
1747 595
1902 595
1286 596
1845 596
1893 596
1901 596
1903 596
1904 596
1965 596
1997 596
1286 597
1522 597
1893 597
1900 597
1995 597
2000 597
2065 597
1286 598
1863 598
1896 598
1903 598
1286 599
1751 599
1893 599
1978 599
2001 599
1286 600
1837 600
1893 600
1894 600
1286 601
1893 601
1898 601
2021 601
2057 601
1286 602
1891 602
1980 602
2038 602
1286 603
1844 603
1981 603
2043 603
1286 604
1859 604
1870 604
2016 604
2066 604
1286 605
1870 605
2052 605
1286 606
1881 606
1883 606
1884 606
1909 606
1970 606
2066 606
2356 606
2503 606
1286 607
1892 607
1895 607
1959 607
1979 607
1980 607
2024 607
2052 607
2058 607
1286 608
2049 608
1286 609
1909 609
1286 610
1286 611
1897 611
1899 611
1286 612
1852 612
1878 612
1896 612
1907 612
1286 613
1858 613
1286 614
1286 615
1286 616
1286 617
1844 617
1286 618
1849 618
1286 619
1853 619
1286 620
1286 621
1286 622
1286 623
1286 624
1286 625
1286 626
1286 627
1286 628
1286 629
1286 630
1286 631
1286 632
1286 633
1286 634
1286 635
1286 636
1286 637
1286 638
1286 639
1286 640
1286 641
1286 642
1286 643
1286 644
1286 645
1286 646
1286 647
1286 648
1286 649
1286 650
1286 651
1286 652
1286 653
1286 654
1286 655
1286 656
1286 657
1286 658
1286 659
1286 660
1286 661
1286 662
1286 663
1286 664
1286 665
1925 665
1286 666
1286 667
1925 667
1286 668
1286 669
1286 670
1286 671
1286 672
1286 673
1286 674
1286 675
1286 676
1925 676
1286 677
1287 678
1287 679
1286 680
1301 682
1290 683
1727 683
1731 683
1758 683
1759 683
1763 683
1863 683
1864 683
1869 683
1890 683
1900 683
1901 683
1902 683
1907 683
1908 683
1918 683
1286 684
1286 685
1286 686
1286 687
1286 688
1286 689
1286 690
1286 691
1286 692
1286 693
1286 694
1286 695
1286 696
1286 697
1286 698
1286 699
1286 700
1286 701
1286 702
1286 703
1286 704
1286 705
1286 706
1286 707
1286 708
1293 709
1302 710
1840 710
1848 710
1849 710
1863 710
1864 710
1869 710
1870 710
1290 711
1873 711
1286 712
1286 713
1286 714
1286 715
1286 716
1286 717
1286 718
1286 719
1286 720
1286 721
1286 722
1286 723
1286 724
1286 725
1286 726
1286 727
1286 728
1286 729
1286 730
1286 731
1286 732
1286 733
1826 733
1286 734
1286 735
1286 736
1286 737
1286 738
1286 739
1286 740
1286 741
1286 742
1286 743
1875 743
1286 744
1875 744
1286 745
1286 746
1286 747
1286 748
1874 748
1286 749
1286 750
1878 750
1286 751
1286 752
1286 753
1886 753
1887 753
1286 754
1286 755
1888 755
1286 756
1888 756
1286 757
1286 758
1286 759
1878 759
1286 760
1286 761
1286 762
1286 763
1286 764
1893 764
1286 765
1894 765
1286 766
1894 766
1286 767
1286 768
1286 769
1286 770
1286 771
1786 771
1847 771
1286 772
1785 772
1286 773
1286 774
1841 774
1286 775
1835 775
1286 776
1814 776
1891 776
1286 777
1854 777
1286 778
1286 779
1286 780
1286 781
1286 782
1842 782
1843 782
1862 782
1286 783
1842 783
1893 783
1957 783
1966 783
1286 784
1841 784
1893 784
1286 785
2090 785
1286 786
1526 786
1804 786
1893 786
2088 786
2356 786
2503 786
1286 787
1842 787
1843 787
2006 787
1286 788
1843 788
2044 788
1286 789
2070 789
1286 790
1893 790
2111 790
2122 790
1286 791
1983 791
2019 791
2139 791
1286 792
1789 792
2036 792
2075 792
2113 792
2120 792
1286 793
1949 793
2018 793
2138 793
1286 794
1946 794
2088 794
2130 794
1286 795
2044 795
2055 795
1286 796
1962 796
1978 796
1986 796
2033 796
2075 796
2097 796
1286 797
1978 797
2084 797
2107 797
1286 798
2085 798
1286 799
2016 799
2018 799
2027 799
2029 799
2044 799
2121 799
1286 800
1560 800
1842 800
1858 800
1994 800
2032 800
2073 800
2085 800
2121 800
1286 801
1949 801
1286 802
1860 802
1286 803
1286 804
2442 804
1286 805
2139 805
1286 806
1542 806
1850 806
1860 806
1286 807
2453 807
1286 808
1834 808
1859 808
1286 809
1286 810
2407 810
1286 811
1601 811
1803 811
1286 812
1286 813
1286 814
1286 815
1658 815
1869 815
2471 815
1286 816
1794 816
1860 816
1286 817
1969 817
1985 817
2438 817
1286 818
1873 818
1952 818
1286 819
1951 819
1980 819
1286 820
1946 820
1996 820
2003 820
1286 821
1286 822
1858 822
1871 822
1286 823
1809 823
1973 823
2018 823
1286 824
1868 824
1987 824
2004 824
2045 824
2060 824
1286 825
1847 825
1859 825
1869 825
1985 825
1286 826
1816 826
1830 826
1982 826
2047 826
1286 827
1862 827
1995 827
2040 827
2041 827
1286 828
1286 829
1678 829
1783 829
1980 829
2085 829
1286 830
1823 830
1885 830
1286 831
1789 831
1854 831
1989 831
1286 832
1952 832
1981 832
1997 832
2002 832
2037 832
2356 832
2503 832
1286 833
1925 833
2001 833
2045 833
1286 834
1796 834
1885 834
1925 834
2039 834
2067 834
1286 835
1885 835
1925 835
1286 836
1779 836
1808 836
1860 836
1865 836
1925 836
1286 837
1808 837
1925 837
1286 838
1781 838
1782 838
1925 838
1958 838
1286 839
1925 839
1286 840
1925 840
1286 841
1925 841
1286 842
1777 842
1797 842
1925 842
1286 843
1793 843
1869 843
1925 843
1286 844
1827 844
1878 844
1286 845
1286 846
1800 846
1816 846
1286 847
1870 847
1286 848
1809 848
1832 848
1855 848
1286 849
1806 849
1869 849
1286 850
1286 851
1813 851
1286 852
1808 852
1286 853
1809 853
1836 853
1862 853
1286 854
1799 854
1286 855
1792 855
1286 856
1802 856
1286 857
1877 857
1883 857
1286 858
1801 858
1286 859
1286 860
1778 860
1862 860
1872 860
1880 860
1286 861
1286 862
1811 862
1286 863
1778 863
1286 864
1810 864
1863 864
1876 864
1286 865
1776 865
1286 866
1777 866
1811 866
1885 866
1286 867
1859 867
1286 868
1796 868
1797 868
1286 869
1286 870
1796 870
1814 870
1286 871
1728 871
1802 871
1813 871
1830 871
1864 871
1867 871
1286 872
1814 872
1830 872
1286 873
1286 874
1734 874
1742 874
1744 874
1286 875
1801 875
1802 875
1813 875
1286 876
1734 876
1735 876
1801 876
1856 876
1286 877
1736 877
1737 877
1781 877
1802 877
1817 877
1820 877
1830 877
1286 878
1745 878
1817 878
1925 878
1286 879
1747 879
1859 879
1925 879
1286 880
1781 880
1286 881
1745 881
1855 881
1861 881
1286 882
1764 882
1854 882
1286 883
1286 884
1744 884
1842 884
1286 885
1755 885
1841 885
1286 886
1755 886
1756 886
1286 887
1749 887
1755 887
1286 888
1286 889
1806 889
1286 890
1767 890
1894 890
1907 890
1286 891
1849 891
1286 892
1286 893
1286 894
1286 895
1750 895
1286 896
1841 896
1286 897
1742 897
1763 897
1286 898
1737 898
1286 899
1286 900
1286 901
1803 901
1833 901
1286 902
1736 902
1803 902
1286 903
1754 903
1286 904
1728 904
1809 904
1286 905
1286 906
1294 907
1302 908
1289 909
1286 910
1286 911
1287 911
1286 912
1286 913
1286 914
1286 915
1286 916
1286 917
1286 918
1286 919
1286 920
1286 921
1286 922
1286 923
1286 924
1286 925
1286 926
1286 927
1286 928
1286 929
1286 930
1286 931
1286 932
1286 933
1286 934
1296 935
1794 935
1842 935
1847 935
1884 935
1890 935
1302 936
1289 937
1286 938
1777 938
1286 939
1779 939
1780 939
1845 939
1286 940
1286 941
1778 941
1779 941
1780 941
1286 942
1777 942
1780 942
1782 942
1830 942
1832 942
1897 942
1925 942
1286 943
1776 943
1894 943
1286 944
1776 944
1286 945
1782 945
1784 945
1896 945
1286 946
1776 946
1897 946
1286 947
1776 947
1286 948
1776 948
1286 949
1896 949
1286 950
1779 950
1852 950
1897 950
1286 951
1869 951
1895 951
1898 951
1899 951
1286 952
1778 952
1286 953
1899 953
1286 954
1925 954
1286 955
1899 955
1925 955
1286 956
1901 956
1286 957
1902 957
1286 958
1286 959
1286 960
1857 960
1286 961
1906 961
1286 962
1815 962
1854 962
1286 963
1871 963
1905 963
1286 964
1286 965
1286 966
1871 966
1909 966
1286 967
1871 967
1905 967
1286 968
1286 969
1774 969
1286 970
1286 971
1845 971
1286 972
1925 972
1286 973
1848 973
1286 974
1286 975
1286 976
1857 976
1286 977
1286 978
1823 978
1286 979
1286 980
1286 981
1828 981
1286 982
1886 982
1286 983
1885 983
1286 984
1886 984
1286 985
1886 985
1286 986
1286 987
1286 988
1884 988
1286 989
1884 989
1286 990
1286 991
1286 992
1286 993
1890 993
1286 994
1809 994
1890 994
1286 995
1891 995
1892 995
1286 996
1882 996
1894 996
1286 997
1286 998
1286 999
1811 999
1286 1000
1810 1000
1286 1001
1877 1001
1893 1001
1286 1002
1286 1003
1841 1004
1872 1004
1876 1004
1893 1004
1812 1005
1876 1005
1879 1005
1878 1007
1286 1008
1286 1009
1883 1009
1286 1010
1286 1011
1287 1011
1288 1011
2502 1011
1286 1012
2502 1012
1296 1013
1297 1013
1846 1013
1996 1013
2042 1014
1985 1015
1993 1015
2026 1015
2508 1015
1522 1016
1812 1016
1871 1017
1286 1018
1814 1018
1847 1018
2031 1018
2040 1018
1893 1019
1953 1019
1995 1019
1835 1020
1948 1020
1955 1020
1984 1020
1816 1021
1847 1021
1948 1021
2040 1021
1817 1022
1971 1022
2031 1022
1286 1023
1845 1023
2303 1023
1286 1024
1948 1024
1995 1024
2303 1024
2486 1024
1286 1025
1847 1025
1986 1025
2303 1025
1977 1026
1995 1026
2303 1026
2347 1026
1561 1027
2016 1027
1812 1028
2303 1028
1817 1029
2303 1029
2400 1029
2423 1029
2436 1029
2454 1029
1627 1030
1655 1030
2303 1030
1287 1031
2303 1031
2408 1031
2303 1032
1286 1033
1581 1033
1593 1033
2303 1033
2426 1033
2444 1033
1286 1034
1584 1034
1601 1034
2303 1034
2336 1034
2375 1034
2444 1034
1288 1035
1545 1035
2347 1035
2402 1035
2474 1035
2484 1035
2336 1036
2407 1036
2474 1036
1288 1037
1831 1037
2339 1037
2474 1037
1286 1038
2456 1038
1286 1039
1833 1039
2303 1039
2454 1039
1286 1040
1601 1040
2303 1040
2393 1040
2447 1040
1286 1041
1806 1041
1807 1041
2303 1041
1286 1042
1550 1042
1591 1042
1622 1042
1801 1042
1286 1043
1805 1043
1806 1043
2067 1043
2385 1043
2390 1043
2417 1043
2433 1043
1286 1044
2051 1044
2052 1044
2303 1044
2375 1044
2486 1044
1286 1045
1735 1045
2066 1045
2303 1045
1286 1046
1948 1046
2303 1046
1286 1047
2303 1047
1286 1048
1728 1048
1734 1048
1947 1048
2089 1048
1286 1049
2066 1049
2089 1049
2100 1049
2101 1049
2303 1049
1286 1050
1737 1050
1946 1050
1955 1050
2080 1050
2121 1050
2303 1050
1286 1051
1968 1051
2057 1051
2081 1051
2101 1051
2303 1051
1286 1052
1968 1052
2032 1052
2057 1052
1286 1053
1522 1053
2026 1053
1286 1054
1678 1054
1730 1054
1736 1054
1989 1054
2033 1054
1286 1055
1736 1055
1987 1055
2020 1055
2025 1055
2109 1055
1286 1056
1738 1056
1913 1056
1946 1056
1286 1057
2033 1057
1286 1058
2038 1058
2074 1058
2499 1058
2500 1058
2502 1058
1286 1059
1983 1059
1990 1059
1996 1059
2002 1059
2016 1059
2074 1059
1286 1060
2026 1060
2108 1060
1286 1061
1286 1062
1286 1063
1286 1064
1286 1065
1735 1065
1286 1066
1286 1067
1919 1067
1286 1068
1919 1068
1921 1068
1286 1069
1286 1070
1286 1071
1917 1071
1286 1072
1286 1073
1286 1074
1921 1074
1286 1075
1286 1076
1919 1076
1286 1077
1286 1078
1286 1079
1733 1079
1735 1079
1286 1080
1286 1081
1286 1082
1286 1083
1286 1084
1925 1084
1286 1085
1734 1085
1286 1086
1286 1087
1286 1088
1286 1089
1286 1090
1286 1091
1728 1091
1734 1091
1286 1092
1286 1093
1733 1093
1286 1094
1286 1095
1286 1096
1286 1097
1286 1098
1286 1099
1286 1100
1729 1100
1732 1100
1286 1101
1741 1101
1286 1102
1286 1103
1741 1103
1286 1104
1286 1105
1738 1105
1286 1106
1286 1107
1286 1108
1286 1109
1726 1109
1730 1109
1286 1110
1286 1111
1286 1112
1286 1113
1726 1113
1286 1114
1726 1114
1286 1115
1286 1116
1286 1117
1286 1118
1286 1119
1286 1120
1286 1121
1286 1122
1286 1123
1286 1124
1286 1125
1286 1126
1286 1127
1286 1128
1286 1129
1286 1130
1286 1131
1286 1132
1296 1133
1297 1133
1300 1134
1288 1135
1286 1136
1286 1137
1286 1138
1286 1139
1286 1140
1286 1141
1286 1142
1286 1143
1286 1144
1286 1145
1286 1146
1286 1147
1286 1148
1286 1149
1286 1150
1286 1151
1286 1152
1286 1153
1286 1154
1286 1155
1286 1156
1286 1157
1287 1158
1286 1159
1286 1160
1296 1161
1297 1161
1300 1162
1288 1163
1286 1164
1286 1165
1286 1166
1286 1167
1286 1168
1286 1169
1286 1170
1286 1171
1286 1172
1286 1173
1286 1174
1286 1175
1286 1176
1286 1177
1286 1178
1286 1179
1863 1179
1286 1180
1286 1181
1286 1182
1286 1183
1286 1184
1286 1185
1843 1185
1868 1185
1286 1186
1286 1187
1286 1188
1858 1188
1286 1189
1859 1189
1286 1190
1840 1190
1860 1190
1286 1191
1286 1192
1286 1193
1840 1193
1286 1194
1796 1194
1808 1194
1809 1194
1840 1194
1286 1195
1286 1196
1794 1196
1859 1196
1286 1197
1286 1198
1807 1198
1286 1199
1286 1200
1805 1200
1286 1201
1800 1201
1814 1201
1858 1201
1286 1202
1791 1202
1802 1202
1803 1202
1814 1202
1286 1203
1804 1203
1808 1203
1817 1203
1825 1203
1827 1203
1286 1204
1808 1204
1809 1204
1821 1204
1286 1205
1804 1205
1825 1205
1826 1205
1286 1206
1825 1206
1826 1206
1286 1207
1827 1207
1286 1208
1826 1208
1286 1209
1779 1209
1286 1210
1823 1210
1286 1211
1286 1212
1800 1212
1801 1212
1286 1213
1807 1213
1822 1213
1286 1214
1791 1214
1286 1215
1809 1215
1821 1215
1286 1216
1785 1216
1286 1217
1810 1217
1870 1217
1286 1218
1820 1218
1870 1218
1286 1219
1286 1220
1286 1221
1812 1221
1286 1222
1286 1223
1286 1224
1286 1225
1286 1226
1286 1227
1286 1228
1286 1229
1797 1229
1286 1230
1288 1230
1289 1231
1865 1231
1925 1231
1288 1232
1925 1232
1286 1233
1925 1233
1286 1234
1925 1234
1951 1234
1286 1235
1925 1235
1956 1235
1286 1236
1925 1236
1993 1236
1286 1237
1925 1237
2055 1237
1286 1238
1292 1239
1295 1239
1787 1239
1819 1239
1925 1239
2028 1239
2043 1239
1983 1240
2018 1240
2027 1240
1808 1241
1845 1241
1985 1241
1297 1242
1805 1242
1884 1242
1885 1242
1949 1242
1997 1242
2054 1242
2078 1242
1310 1243
1846 1243
1849 1243
1883 1243
1886 1243
2023 1243
2045 1243
2072 1243
1474 1244
1801 1244
1846 1244
1884 1244
1885 1244
1887 1244
1888 1244
2074 1244
2303 1244
1291 1245
1806 1245
1846 1245
1878 1245
1889 1245
1890 1245
2001 1245
2080 1245
2303 1245
1474 1246
1809 1246
1848 1246
1880 1246
1891 1246
1982 1246
2045 1246
2073 1246
2303 1246
1474 1247
1797 1247
1798 1247
1807 1247
1817 1247
1891 1247
2045 1247
1474 1248
1817 1248
1892 1248
1291 1249
1474 1249
1892 1249
2303 1249
1474 1250
1893 1250
1985 1250
2045 1250
2063 1250
1291 1251
1474 1251
1819 1251
1893 1251
1985 1251
1294 1252
1301 1252
1474 1252
1817 1252
1893 1252
1894 1252
2045 1252
2303 1252
1474 1253
1578 1253
1878 1253
1879 1253
1893 1253
1894 1253
1474 1254
1879 1254
1893 1254
1894 1254
2085 1254
2087 1254
2393 1254
1474 1255
1497 1255
1523 1255
1893 1255
1894 1255
2303 1255
2387 1255
2466 1255
1286 1256
1474 1256
1573 1256
1809 1256
1810 1256
1893 1256
1894 1256
2353 1256
2407 1256
1286 1257
1287 1257
1474 1257
1498 1257
1609 1257
1808 1257
1893 1257
1894 1257
1895 1257
2337 1257
1286 1258
1288 1258
1474 1258
1498 1258
1578 1258
1893 1258
1894 1258
1895 1258
1896 1258
2368 1258
2445 1258
1286 1259
1288 1259
1474 1259
1499 1259
1545 1259
1557 1259
1564 1259
1893 1259
1894 1259
1895 1259
1896 1259
2444 1259
1474 1260
1518 1260
1654 1260
1893 1260
1894 1260
1895 1260
1896 1260
2444 1260
2452 1260
2473 1260
1288 1261
1474 1261
1518 1261
1545 1261
1578 1261
1892 1261
1893 1261
1894 1261
1895 1261
1896 1261
2303 1261
2444 1261
1288 1262
1474 1262
1894 1262
1895 1262
2303 1262
2473 1262
1288 1263
1474 1263
1629 1263
1639 1263
1787 1263
1824 1263
1894 1263
1895 1263
2303 1263
2339 1263
2435 1263
1474 1264
1512 1264
1825 1264
1893 1264
1894 1264
1895 1264
2303 1264
2323 1264
2458 1264
2483 1264
1286 1265
1474 1265
1891 1265
1892 1265
1893 1265
1894 1265
2377 1265
2384 1265
2393 1265
1286 1266
1474 1266
1888 1266
1889 1266
1890 1266
2371 1266
1286 1267
1474 1267
1789 1267
1888 1267
1889 1267
1890 1267
1891 1267
1892 1267
2407 1267
1286 1268
1474 1268
1789 1268
1822 1268
1825 1268
1826 1268
1890 1268
1891 1268
1892 1268
1286 1269
1474 1269
1514 1269
1833 1269
1890 1269
1891 1269
1892 1269
2020 1269
2303 1269
1286 1270
1474 1270
1813 1270
1833 1270
1889 1270
1890 1270
1891 1270
1892 1270
2303 1270
1286 1271
1474 1271
1514 1271
1873 1271
1889 1271
1890 1271
1891 1271
1892 1271
2070 1271
2303 1271
1286 1272
1474 1272
1889 1272
1890 1272
1891 1272
1892 1272
1474 1273
1873 1273
1876 1273
1877 1273
1883 1273
1884 1273
1886 1273
1887 1273
1888 1273
1889 1273
1890 1273
2075 1273
1474 1274
1792 1274
1793 1274
1822 1274
1826 1274
1882 1274
1886 1274
1887 1274
2088 1274
2135 1274
1474 1275
1793 1275
1798 1275
1804 1275
1819 1275
1880 1275
2303 1275
1474 1276
1795 1276
1873 1276
1878 1276
1879 1276
1880 1276
1967 1276
1978 1276
2104 1276
2303 1276
1798 1277
1805 1277
1887 1277
2013 1277
1290 1278
1883 1278
1885 1278
1887 1278
2093 1278
2123 1278
2303 1278
1281 1279
1872 1279
1882 1279
1887 1279
1803 1280
1872 1280
1882 1280
1886 1280
2055 1280
1815 1281
1872 1281
1878 1281
1881 1281
1286 1282
1827 1282
1876 1282
1877 1282
1881 1282
1677 1283
1801 1284
2087 1284
1818 1285
1819 1285
1875 1285
1880 1285
1970 1285
2070 1285
1887 1286
1886 1287
2071 1287
1286 1288
1828 1288
2039 1288
1802 1289
2041 1289
1286 1290
1798 1290
1286 1291
1286 1292
1287 1292
1288 1292
1286 1293
1287 1293
1286 1294
1286 1295
1286 1296
1286 1297
1286 1298
1286 1299
1286 1300
1811 1300
1286 1301
1806 1301
1286 1302
1808 1302
1811 1302
1286 1303
1804 1303
1286 1304
1895 1304
1286 1305
1286 1306
1881 1306
1286 1307
1789 1307
1286 1308
1786 1308
1286 1309
1784 1309
1881 1309
1286 1310
1821 1310
1882 1310
1286 1311
1781 1311
1286 1312
1780 1312
1286 1313
1897 1313
1916 1313
1286 1314
1831 1314
1286 1315
1759 1315
1761 1315
1286 1316
1755 1316
1833 1316
1881 1316
1286 1317
1834 1317
1923 1317
1286 1318
1286 1319
1774 1319
1811 1319
1835 1319
1286 1320
1810 1320
1836 1320
1286 1321
1837 1321
1876 1321
1901 1321
1286 1322
1837 1322
1286 1323
1756 1323
1809 1323
1286 1324
1791 1324
1836 1324
1286 1325
1791 1325
1286 1326
1922 1326
1923 1326
1286 1327
1903 1327
1286 1328
1286 1329
1741 1329
1871 1329
1903 1329
1286 1330
1782 1330
1846 1330
1286 1331
1839 1331
1286 1332
1805 1332
1832 1332
1847 1332
1286 1333
1286 1334
1834 1334
1865 1334
1866 1334
1286 1335
1849 1335
1864 1335
1865 1335
1286 1336
1726 1336
1904 1336
1924 1336
1286 1337
1807 1337
1820 1337
1849 1337
1286 1338
1760 1338
1924 1338
1286 1339
1861 1339
1286 1340
1836 1340
1837 1340
1905 1340
1286 1341
1851 1341
1286 1342
1906 1342
1286 1343
1286 1344
1865 1344
1286 1345
1734 1345
1758 1345
1286 1346
1885 1346
1286 1347
1774 1347
1833 1347
1848 1347
1286 1348
1739 1348
1874 1348
1884 1348
1286 1349
1753 1349
1824 1349
1884 1349
1286 1350
1753 1350
1839 1350
1884 1350
1911 1350
1286 1351
1839 1351
1850 1351
1884 1351
1286 1352
1846 1352
1856 1352
1857 1352
1286 1353
1749 1353
1912 1353
1286 1354
1763 1354
1286 1355
1752 1355
1286 1356
1781 1356
1913 1356
1286 1357
1286 1358
1297 1359
1732 1359
1748 1359
1770 1359
1771 1359
1774 1359
1804 1359
1802 1360
1857 1360
1872 1360
1891 1360
1288 1361
1286 1362
1287 1363
1286 1364
1286 1365
1286 1366
1286 1367
1286 1368
1286 1369
1286 1370
1286 1371
1286 1372
1286 1373
1286 1374
1286 1375
1286 1376
1286 1377
1286 1378
1286 1379
1286 1380
1286 1381
1286 1382
1286 1383
1286 1384
1286 1385
1286 1386
1297 1387
1830 1387
1832 1387
1833 1387
1834 1387
1835 1387
1837 1387
1840 1387
1841 1387
1842 1387
1843 1387
1844 1387
1845 1387
1846 1387
1847 1387
1848 1387
1849 1387
1850 1387
1851 1387
1852 1387
1288 1389
1865 1389
1286 1390
1746 1390
1867 1390
1286 1391
1866 1391
1286 1392
1865 1392
1286 1393
1789 1393
1865 1393
1286 1394
1800 1394
1866 1394
1286 1395
1803 1395
1866 1395
1286 1396
1791 1396
1794 1396
1803 1396
1866 1396
1286 1397
1865 1397
1286 1398
1864 1398
1286 1399
1794 1399
1863 1399
1286 1400
1783 1400
1862 1400
1863 1400
1286 1401
1286 1402
1286 1403
1815 1403
1819 1403
1861 1403
1286 1404
1860 1404
1924 1404
1286 1405
1819 1405
1855 1405
1857 1405
1858 1405
1859 1405
1924 1405
1286 1406
1824 1406
1855 1406
1856 1406
1857 1406
1858 1406
1859 1406
1860 1406
1924 1406
1286 1407
1792 1407
1816 1407
1817 1407
1828 1407
1859 1407
1860 1407
1286 1408
1818 1408
1821 1408
1826 1408
1849 1408
1850 1408
1851 1408
1860 1408
1861 1408
1862 1408
1286 1409
1810 1409
1815 1409
1816 1409
1819 1409
1832 1409
1837 1409
1844 1409
1849 1409
1850 1409
1864 1409
1286 1410
1813 1410
1815 1410
1825 1410
1826 1410
1830 1410
1835 1410
1851 1410
1864 1410
1865 1410
1908 1410
1910 1410
1286 1411
1827 1411
1828 1411
1829 1411
1830 1411
1831 1411
1832 1411
1833 1411
1865 1411
1286 1412
1830 1412
1833 1412
1865 1412
1286 1413
1822 1413
1827 1413
1828 1413
1847 1413
1865 1413
1911 1413
1286 1414
1823 1414
1837 1414
1866 1414
1286 1415
1830 1415
1865 1415
1866 1415
1286 1416
1836 1416
1849 1416
1286 1417
1867 1417
1286 1418
1865 1418
1867 1418
1868 1418
1286 1419
1859 1419
1865 1419
1286 1420
1286 1421
1866 1421
1286 1422
1913 1422
1286 1423
1860 1423
1286 1424
1286 1425
1792 1425
1799 1425
1286 1426
1861 1426
1286 1427
1792 1427
1286 1428
1725 1428
1776 1428
1779 1428
1780 1428
1782 1428
1790 1428
1286 1429
1725 1429
1775 1429
1776 1429
1781 1429
1924 1429
1286 1430
1725 1430
1771 1430
1907 1430
1286 1431
1725 1431
1924 1431
1286 1432
1725 1432
1769 1432
1286 1433
1725 1433
1286 1434
1768 1434
1792 1434
1286 1435
1286 1436
1780 1436
1286 1437
1768 1437
1773 1437
1911 1437
1286 1438
1779 1438
1915 1438
1916 1438
1286 1439
1286 1440
1913 1440
1286 1441
1764 1441
1912 1441
1922 1441
1286 1442
1911 1442
1286 1443
2049 1443
1286 1444
1813 1444
2046 1444
1286 1445
1815 1445
1286 1446
1770 1446
1808 1446
1811 1446
1816 1446
1286 1447
1732 1447
1764 1447
1812 1447
1816 1447
1286 1448
1730 1448
1734 1448
1738 1448
1912 1448
1286 1449
1741 1449
1809 1449
1812 1449
1815 1449
1819 1449
1286 1450
1752 1450
1753 1450
1754 1450
1755 1450
1812 1450
1816 1450
1817 1450
1286 1451
1748 1451
1949 1451
1753 1452
1811 1452
1918 1452
1967 1452
2001 1452
2016 1452
2104 1452
2105 1452
1287 1453
1757 1453
1999 1453
1287 1454
1286 1455
1287 1455
1288 1455
1289 1455
1798 1455
1964 1455
2007 1455
2009 1455
2020 1455
2094 1455
1286 1456
1287 1456
1958 1456
1286 1457
1765 1457
1831 1457
1964 1457
2079 1457
1286 1458
1289 1458
1925 1458
1964 1458
1974 1458
1976 1458
2079 1458
1286 1459
1966 1459
1981 1459
1286 1460
1726 1460
1771 1460
1974 1460
1286 1461
1290 1461
1777 1461
1974 1461
1992 1461
2087 1461
2107 1461
1286 1462
1287 1462
1288 1462
1778 1462
1798 1462
1976 1462
2064 1462
2113 1462
1286 1463
1757 1463
1779 1463
1780 1463
1984 1463
2094 1463
1286 1464
1780 1464
1831 1464
2003 1464
2004 1464
1305 1465
1765 1465
1766 1465
1781 1465
1802 1465
1834 1465
1678 1466
1728 1466
1781 1466
1729 1467
1730 1467
1731 1467
1733 1467
1798 1467
2304 1467
1739 1468
1740 1468
1749 1468
1830 1468
1286 1469
1310 1469
1781 1469
1798 1469
1838 1469
2112 1469
1286 1470
1301 1470
1474 1470
1782 1470
1802 1470
1816 1470
1925 1470
1297 1471
1474 1471
1783 1471
1823 1471
2303 1471
1474 1472
1783 1472
1822 1472
1474 1473
1500 1473
1783 1473
1474 1474
1783 1474
1802 1474
1286 1475
1474 1475
1819 1475
1286 1476
1474 1476
1870 1476
1879 1476
1925 1476
2303 1476
1286 1477
1288 1477
1301 1477
1474 1477
1785 1477
1880 1477
1925 1477
2303 1477
2343 1477
1474 1478
1783 1478
1925 1478
2407 1478
1474 1479
1784 1479
1786 1479
1925 1479
2053 1479
1474 1480
1801 1480
2136 1480
2216 1480
2303 1480
1474 1481
1535 1481
1578 1481
1654 1481
1888 1481
1892 1481
1925 1481
2211 1481
2303 1481
1474 1482
1807 1482
1925 1482
2065 1482
2303 1482
1474 1483
1539 1483
1802 1483
2199 1483
2204 1483
2303 1483
2393 1483
1288 1484
1474 1484
1549 1484
1888 1484
1895 1484
2076 1484
2171 1484
2175 1484
2237 1484
2241 1484
1288 1485
1474 1485
1499 1485
1554 1485
1555 1485
1556 1485
1890 1485
2024 1485
2075 1485
2115 1485
2130 1485
2141 1485
2142 1485
2230 1485
2238 1485
2402 1485
1286 1486
1474 1486
1899 1486
1997 1486
2110 1486
2125 1486
2236 1486
2303 1486
2402 1486
1286 1487
1474 1487
1540 1487
1569 1487
1578 1487
1793 1487
1968 1487
2006 1487
2070 1487
2084 1487
2088 1487
2089 1487
2223 1487
2303 1487
2328 1487
1286 1488
1474 1488
1630 1488
2065 1488
2142 1488
2185 1488
2303 1488
1286 1489
1474 1489
1902 1489
2064 1489
2100 1489
2223 1489
2245 1489
2303 1489
2407 1489
1286 1490
1474 1490
1532 1490
1570 1490
1650 1490
1767 1490
2052 1490
2105 1490
2127 1490
2211 1490
2407 1490
2474 1490
1286 1491
1474 1491
1624 1491
1783 1491
1785 1491
1903 1491
2131 1491
2179 1491
2222 1491
2263 1491
2303 1491
2407 1491
2444 1491
1286 1492
1474 1492
1541 1492
1904 1492
1905 1492
2211 1492
2217 1492
2393 1492
2444 1492
1286 1493
1474 1493
1852 1493
1904 1493
2204 1493
2243 1493
2321 1493
1286 1494
1474 1494
2303 1494
2408 1494
1286 1495
1474 1495
1793 1495
1897 1495
2154 1495
2172 1495
2204 1495
2206 1495
2239 1495
1286 1496
1287 1496
1474 1496
1899 1496
2029 1496
2030 1496
2175 1496
2198 1496
2231 1496
2241 1496
1286 1497
1474 1497
2303 1497
1286 1498
1474 1498
2303 1498
1474 1499
2303 1499
1843 1500
1850 1503
1289 1504
1678 1505
1286 1508
1289 1508
1475 1509
2071 1513
1286 1514
1949 1514
1958 1514
2073 1515
1969 1516
2002 1516
2039 1516
2142 1516
1287 1517
1985 1517
1991 1517
1992 1517
1997 1517
2012 1517
2048 1517
2081 1517
2140 1517
2144 1517
1286 1518
1815 1518
1994 1518
2086 1518
2100 1518
1286 1519
1791 1519
2066 1519
2110 1519
2125 1519
2147 1519
679 1520
1286 1520
1789 1520
1947 1520
1999 1520
2008 1520
2110 1520
1286 1521
1985 1521
1998 1521
2111 1521
1286 1522
1962 1522
2027 1522
1286 1523
2096 1523
2120 1523
2138 1523
1286 1524
1791 1524
2008 1524
2022 1524
2034 1524
2098 1524
2110 1524
643 1525
1286 1525
1948 1525
2062 1525
524 1526
544 1526
600 1526
664 1526
1286 1526
1745 1526
1965 1526
2018 1526
2124 1526
2141 1526
551 1527
570 1527
607 1527
632 1527
730 1527
744 1527
1286 1527
1955 1527
2002 1527
2029 1527
2038 1527
2072 1527
2110 1527
2119 1527
2146 1527
1286 1528
1788 1528
2021 1528
2067 1528
2143 1528
502 1529
567 1529
1286 1529
2496 1529
2505 1529
1286 1530
2528 1530
521 1531
661 1531
1286 1531
1286 1532
621 1533
719 1533
1286 1533
1286 1534
547 1535
603 1535
1286 1535
548 1536
604 1536
1286 1536
2558 1536
1286 1537
1286 1538
1286 1539
1286 1540
2531 1540
1286 1541
2559 1541
1286 1542
1812 1542
1286 1543
1778 1543
1286 1544
1779 1544
1286 1545
1773 1545
1774 1545
1782 1545
1286 1546
1773 1546
1774 1546
1286 1547
1771 1547
1286 1548
1286 1549
1286 1550
1286 1551
1286 1552
1771 1552
1772 1552
1286 1553
1286 1554
1771 1554
1286 1555
1286 1556
1285 1557
1286 1557
1287 1558
1772 1558
1925 1558
1313 1559
1313 1560
1313 1561
1313 1562
1313 1563
1313 1564
1313 1565
1313 1566
1313 1567
1313 1568
1312 1569
1313 1569
1312 1570
1312 1571
1312 1572
1312 1573
1312 1574
1312 1575
1312 1576
1312 1577
1312 1578
1312 1579
1312 1580
1312 1581
1311 1582
1311 1583
1311 1584
1311 1585
1310 1586
1311 1586
1310 1587
1311 1587
1310 1588
1311 1588
1287 1589
1310 1589
1311 1589
2539 1591
2540 1591
2541 1591
2509 1592
2510 1592
2511 1592
2512 1592
2513 1592
2514 1592
2515 1592
2516 1592
2517 1592
2481 1593
2482 1593
2483 1593
2484 1593
2485 1593
2486 1593
2487 1593
2488 1593
2489 1593
2490 1593
2491 1593
2492 1593
2493 1593
2494 1593
2495 1593
2496 1593
2497 1593
2498 1593
2499 1593
2500 1593
2501 1593
2502 1593
2503 1593
2504 1593
2505 1593
2506 1593
2507 1593
2508 1593
1376 1594
1377 1594
1378 1594
1379 1594
1380 1594
1381 1594
1382 1594
1383 1594
1384 1594
1385 1594
1386 1594
1387 1594
1388 1594
1389 1594
1390 1594
1391 1594
1392 1594
1393 1594
1394 1594
1395 1594
1396 1594
1397 1594
1398 1594
1399 1594
1400 1594
1401 1594
1402 1594
1403 1594
1404 1594
1405 1594
1406 1594
1407 1594
1408 1594
1409 1594
1410 1594
1411 1594
1412 1594
1413 1594
1414 1594
1415 1594
1416 1594
1417 1594
1418 1594
1419 1594
1420 1594
1421 1594
1422 1594
1423 1594
1424 1594
1425 1594
1426 1594
1427 1594
1428 1594
1429 1594
1430 1594
1431 1594
1432 1594
1433 1594
1434 1594
1435 1594
1436 1594
1437 1594
1438 1594
1439 1594
1440 1594
1441 1594
1442 1594
1443 1594
1444 1594
1445 1594
1446 1594
1447 1594
1448 1594
1449 1594
1450 1594
1451 1594
1452 1594
1453 1594
1454 1594
1455 1594
1456 1594
1457 1594
1458 1594
1459 1594
1460 1594
1461 1594
1462 1594
1463 1594
1464 1594
1465 1594
1466 1594
1467 1594
1468 1594
1469 1594
1470 1594
1471 1594
1472 1594
1473 1594
1474 1594
1475 1594
1476 1594
1477 1594
1478 1594
1479 1594
1480 1594
1481 1594
1482 1594
1483 1594
1484 1594
1485 1594
1486 1594
1487 1594
1488 1594
1489 1594
1490 1594
1491 1594
1492 1594
1493 1594
1494 1594
1495 1594
1496 1594
1497 1594
1498 1594
1499 1594
1500 1594
1501 1594
1502 1594
1503 1594
1504 1594
1505 1594
1506 1594
1507 1594
1508 1594
1509 1594
1510 1594
1511 1594
1512 1594
1513 1594
1514 1594
1515 1594
1516 1594
1517 1594
1518 1594
1519 1594
1520 1594
1521 1594
1522 1594
1523 1594
1524 1594
1525 1594
1526 1594
1527 1594
1528 1594
1529 1594
1530 1594
1531 1594
1532 1594
1533 1594
1534 1594
1535 1594
1536 1594
1537 1594
1538 1594
1539 1594
1540 1594
1541 1594
1542 1594
1543 1594
1544 1594
1545 1594
1546 1594
1547 1594
1548 1594
1549 1594
1550 1594
1551 1594
1552 1594
1553 1594
1554 1594
1555 1594
1556 1594
1557 1594
1558 1594
1559 1594
1560 1594
1561 1594
1562 1594
1563 1594
1564 1594
1565 1594
1566 1594
1567 1594
1568 1594
1569 1594
1570 1594
1571 1594
1572 1594
1573 1594
1574 1594
1575 1594
1576 1594
1577 1594
1578 1594
1579 1594
1580 1594
1581 1594
1582 1594
1583 1594
1584 1594
1585 1594
1586 1594
1587 1594
1588 1594
1589 1594
1590 1594
1591 1594
1592 1594
1593 1594
1594 1594
1595 1594
1596 1594
1597 1594
1598 1594
1599 1594
1600 1594
1601 1594
1602 1594
1603 1594
1604 1594
1605 1594
1606 1594
1607 1594
1608 1594
1609 1594
1610 1594
1611 1594
1612 1594
1613 1594
1614 1594
1615 1594
1616 1594
1617 1594
1618 1594
1619 1594
1620 1594
1621 1594
1622 1594
1623 1594
1624 1594
1625 1594
1626 1594
1627 1594
1628 1594
1629 1594
1630 1594
1631 1594
1632 1594
1633 1594
1634 1594
1635 1594
1636 1594
1637 1594
1638 1594
1639 1594
1640 1594
1641 1594
1642 1594
1643 1594
1644 1594
1645 1594
1646 1594
1647 1594
1648 1594
1649 1594
1650 1594
1651 1594
1652 1594
1653 1594
1654 1594
1655 1594
1656 1594
1657 1594
1658 1594
1659 1594
1660 1594
1661 1594
1662 1594
1663 1594
1664 1594
1665 1594
1666 1594
1667 1594
1668 1594
1669 1594
1670 1594
1671 1594
1672 1594
1673 1594
1674 1594
1675 1594
1676 1594
1677 1594
1678 1594
1679 1594
1680 1594
1681 1594
1682 1594
1683 1594
1684 1594
1685 1594
1686 1594
1687 1594
1688 1594
1689 1594
1690 1594
1691 1594
1692 1594
1693 1594
1694 1594
1695 1594
1696 1594
1697 1594
1698 1594
1699 1594
1700 1594
1701 1594
1702 1594
1703 1594
1704 1594
1705 1594
1706 1594
1707 1594
1708 1594
1709 1594
1710 1594
1711 1594
1712 1594
1713 1594
1714 1594
1715 1594
1716 1594
1717 1594
1718 1594
1719 1594
1720 1594
1721 1594
1722 1594
1723 1594
1724 1594
1725 1594
1726 1594
1727 1594
1728 1594
1729 1594
1730 1594
1731 1594
1732 1594
1733 1594
1734 1594
1735 1594
1736 1594
1737 1594
1738 1594
1739 1594
1740 1594
1741 1594
1742 1594
1743 1594
1744 1594
1745 1594
1746 1594
1747 1594
1748 1594
1749 1594
1750 1594
1751 1594
1752 1594
1753 1594
1754 1594
1755 1594
1756 1594
1757 1594
1758 1594
1759 1594
1760 1594
1761 1594
1762 1594
1763 1594
1764 1594
1765 1594
1766 1594
1767 1594
1768 1594
1769 1594
1770 1594
1771 1594
1772 1594
1773 1594
1774 1594
1775 1594
1776 1594
1777 1594
1778 1594
1779 1594
1780 1594
1781 1594
1782 1594
1783 1594
1784 1594
1785 1594
1786 1594
1787 1594
1788 1594
1789 1594
1790 1594
1791 1594
1792 1594
1793 1594
1794 1594
1795 1594
1796 1594
1797 1594
1798 1594
1799 1594
1800 1594
1801 1594
1802 1594
1803 1594
1804 1594
1805 1594
1806 1594
1807 1594
1808 1594
1809 1594
1810 1594
1811 1594
1812 1594
1813 1594
1814 1594
1815 1594
1816 1594
1817 1594
1818 1594
1819 1594
1820 1594
1821 1594
1822 1594
1823 1594
1824 1594
1825 1594
1826 1594
1827 1594
1828 1594
1829 1594
1830 1594
1831 1594
1832 1594
1833 1594
1834 1594
1835 1594
1836 1594
1837 1594
1838 1594
1839 1594
1840 1594
1841 1594
1842 1594
1843 1594
1844 1594
1845 1594
1846 1594
1847 1594
1848 1594
1849 1594
1850 1594
1851 1594
1852 1594
1853 1594
1854 1594
1855 1594
1856 1594
1857 1594
1858 1594
1859 1594
1860 1594
1861 1594
1862 1594
1863 1594
1864 1594
1865 1594
1866 1594
1867 1594
1868 1594
1869 1594
1870 1594
1871 1594
1872 1594
1873 1594
1874 1594
1875 1594
1876 1594
1877 1594
1878 1594
1879 1594
1880 1594
1881 1594
1882 1594
1883 1594
1884 1594
1885 1594
1886 1594
1887 1594
1888 1594
1889 1594
1890 1594
1891 1594
1892 1594
1893 1594
1894 1594
1895 1594
1896 1594
1897 1594
1898 1594
1899 1594
1900 1594
1901 1594
1902 1594
1903 1594
1904 1594
1905 1594
1906 1594
1907 1594
1908 1594
1909 1594
1910 1594
1911 1594
1912 1594
1913 1594
1914 1594
1915 1594
1916 1594
1917 1594
1918 1594
1919 1594
1920 1594
1921 1594
1922 1594
1923 1594
1924 1594
1925 1594
1926 1594
1927 1594
1928 1594
1929 1594
1930 1594
1931 1594
1932 1594
1933 1594
1934 1594
1935 1594
1936 1594
1937 1594
1938 1594
1939 1594
1940 1594
1941 1594
1942 1594
1943 1594
1944 1594
1945 1594
1946 1594
1947 1594
1948 1594
1949 1594
1950 1594
1951 1594
1952 1594
1953 1594
1954 1594
1955 1594
1956 1594
1957 1594
1958 1594
1959 1594
1960 1594
1961 1594
1962 1594
1963 1594
1964 1594
1965 1594
1966 1594
1967 1594
1968 1594
1969 1594
1970 1594
1971 1594
1972 1594
1973 1594
1974 1594
1975 1594
1976 1594
1977 1594
1978 1594
1979 1594
1980 1594
1981 1594
1982 1594
1983 1594
1984 1594
1985 1594
1986 1594
1987 1594
1988 1594
1989 1594
1990 1594
1991 1594
1992 1594
1993 1594
1994 1594
1995 1594
1996 1594
1997 1594
1998 1594
1999 1594
2000 1594
2001 1594
2002 1594
2003 1594
2004 1594
2005 1594
2006 1594
2007 1594
2008 1594
2009 1594
2010 1594
2011 1594
2012 1594
2013 1594
2014 1594
2015 1594
2016 1594
2017 1594
2018 1594
2019 1594
2020 1594
2021 1594
2022 1594
2023 1594
2024 1594
2025 1594
2026 1594
2027 1594
2028 1594
2029 1594
2030 1594
2031 1594
2032 1594
2033 1594
2034 1594
2035 1594
2036 1594
2037 1594
2038 1594
2039 1594
2040 1594
2041 1594
2042 1594
2043 1594
2044 1594
2045 1594
2046 1594
2047 1594
2048 1594
2049 1594
2050 1594
2051 1594
2052 1594
2053 1594
2054 1594
2055 1594
2056 1594
2057 1594
2058 1594
2059 1594
2060 1594
2061 1594
2062 1594
2063 1594
2064 1594
2065 1594
2066 1594
2067 1594
2068 1594
2069 1594
2070 1594
2071 1594
2072 1594
2073 1594
2074 1594
2075 1594
2076 1594
2077 1594
2078 1594
2079 1594
2080 1594
2081 1594
2082 1594
2083 1594
2084 1594
2085 1594
2086 1594
2087 1594
2088 1594
2089 1594
2090 1594
2091 1594
2092 1594
2093 1594
2094 1594
2095 1594
2096 1594
2097 1594
2098 1594
2099 1594
2100 1594
2101 1594
2102 1594
2103 1594
2104 1594
2105 1594
2106 1594
2107 1594
2108 1594
2109 1594
2110 1594
2111 1594
2112 1594
2113 1594
2114 1594
2115 1594
2116 1594
2117 1594
2118 1594
2119 1594
2120 1594
2121 1594
2122 1594
2123 1594
2124 1594
2125 1594
2126 1594
2127 1594
2128 1594
2129 1594
2130 1594
2131 1594
2132 1594
2133 1594
2134 1594
2135 1594
2136 1594
2137 1594
2138 1594
2139 1594
2140 1594
2141 1594
2142 1594
2143 1594
2144 1594
2145 1594
2146 1594
2147 1594
2148 1594
2149 1594
2150 1594
2151 1594
2152 1594
2153 1594
2154 1594
2155 1594
2156 1594
2157 1594
2158 1594
2159 1594
2160 1594
2161 1594
2162 1594
2163 1594
2164 1594
2165 1594
2166 1594
2167 1594
2168 1594
2169 1594
2170 1594
2171 1594
2172 1594
2173 1594
2174 1594
2175 1594
2176 1594
2177 1594
2178 1594
2179 1594
2180 1594
2181 1594
2182 1594
2183 1594
2184 1594
2185 1594
2186 1594
2187 1594
2188 1594
2189 1594
2190 1594
2191 1594
2192 1594
2193 1594
2194 1594
2195 1594
2196 1594
2197 1594
2198 1594
2199 1594
2200 1594
2201 1594
2202 1594
2203 1594
2204 1594
2205 1594
2206 1594
2207 1594
2208 1594
2209 1594
2210 1594
2211 1594
2212 1594
2213 1594
2214 1594
2215 1594
2216 1594
2217 1594
2218 1594
2219 1594
2220 1594
2221 1594
2222 1594
2223 1594
2224 1594
2225 1594
2226 1594
2227 1594
2228 1594
2229 1594
2230 1594
2231 1594
2232 1594
2233 1594
2234 1594
2235 1594
2236 1594
2237 1594
2238 1594
2239 1594
2240 1594
2241 1594
2242 1594
2243 1594
2244 1594
2245 1594
2246 1594
2247 1594
2248 1594
2249 1594
2250 1594
2251 1594
2252 1594
2253 1594
2254 1594
2255 1594
2256 1594
2257 1594
2258 1594
2259 1594
2260 1594
2261 1594
2262 1594
2263 1594
2264 1594
2265 1594
2266 1594
2267 1594
2268 1594
2269 1594
2270 1594
2271 1594
2272 1594
2273 1594
2274 1594
2275 1594
2276 1594
2277 1594
2278 1594
2279 1594
2280 1594
2281 1594
2282 1594
2283 1594
2284 1594
2285 1594
2286 1594
2287 1594
2288 1594
2289 1594
2290 1594
2291 1594
2292 1594
2293 1594
2294 1594
2295 1594
2296 1594
2297 1594
2298 1594
2299 1594
2300 1594
2301 1594
2302 1594
2303 1594
2304 1594
2305 1594
2306 1594
2307 1594
2308 1594
2309 1594
2310 1594
2311 1594
2312 1594
2313 1594
2314 1594
2315 1594
2316 1594
2317 1594
2318 1594
2319 1594
2320 1594
2321 1594
2322 1594
2323 1594
2324 1594
2325 1594
2326 1594
2327 1594
2328 1594
2329 1594
2330 1594
2331 1594
2332 1594
2333 1594
2334 1594
2335 1594
2336 1594
2337 1594
2338 1594
2339 1594
2340 1594
2341 1594
2342 1594
2343 1594
2344 1594
2345 1594
2346 1594
2347 1594
2348 1594
2349 1594
2350 1594
2351 1594
2352 1594
2353 1594
2354 1594
2355 1594
2356 1594
2357 1594
2358 1594
2359 1594
2360 1594
2361 1594
2362 1594
2363 1594
2364 1594
2365 1594
2366 1594
2367 1594
2368 1594
2369 1594
2370 1594
2371 1594
2372 1594
2373 1594
2374 1594
2375 1594
2376 1594
2377 1594
2378 1594
2379 1594
2380 1594
2381 1594
2382 1594
2383 1594
2384 1594
2385 1594
2386 1594
2387 1594
2388 1594
2389 1594
2390 1594
2391 1594
2392 1594
2393 1594
2394 1594
2395 1594
2396 1594
2397 1594
2398 1594
2399 1594
2400 1594
2401 1594
2402 1594
2403 1594
2404 1594
2405 1594
2406 1594
2407 1594
2408 1594
2409 1594
2410 1594
2411 1594
2412 1594
2413 1594
2414 1594
2415 1594
2416 1594
2417 1594
2418 1594
2419 1594
2420 1594
2421 1594
2422 1594
2423 1594
2424 1594
2425 1594
2426 1594
2427 1594
2428 1594
2429 1594
2430 1594
2431 1594
2432 1594
2433 1594
2434 1594
2435 1594
2436 1594
2437 1594
2438 1594
2439 1594
2440 1594
2441 1594
2442 1594
2443 1594
2444 1594
2445 1594
2446 1594
2447 1594
2448 1594
2449 1594
2450 1594
2451 1594
2452 1594
2453 1594
2454 1594
2455 1594
2456 1594
2457 1594
2458 1594
2459 1594
2460 1594
2461 1594
2462 1594
2463 1594
2464 1594
2465 1594
2466 1594
2467 1594
2468 1594
2469 1594
2470 1594
2471 1594
2472 1594
2473 1594
2474 1594
2475 1594
2476 1594
2477 1594
2478 1594
2479 1594
2480 1594
2481 1594
2482 1594
2483 1594
2484 1594
2485 1594
2486 1594
2487 1594
2488 1594
2489 1594
2490 1594
2491 1594
2492 1594
2493 1594
2494 1594
2495 1594
2496 1594
2497 1594
2498 1594
2499 1594
2500 1594
2501 1594
1376 1595
1377 1595
1378 1595
1379 1595
1380 1595
1381 1595
1382 1595
1383 1595
1384 1595
1385 1595
1386 1595
1387 1595
1388 1595
1389 1595
1390 1595
1391 1595
1392 1595
1393 1595
1394 1595
1395 1595
1396 1595
1397 1595
1398 1595
1399 1595
1400 1595
1401 1595
1402 1595
1403 1595
1404 1595
1405 1595
1406 1595
1407 1595
1408 1595
1409 1595
1410 1595
1411 1595
1412 1595
1413 1595
1414 1595
1415 1595
1416 1595
1417 1595
1418 1595
1419 1595
1420 1595
1421 1595
1422 1595
1423 1595
1424 1595
1425 1595
1426 1595
1427 1595
1428 1595
1429 1595
1430 1595
1431 1595
1432 1595
1433 1595
1434 1595
1435 1595
1436 1595
1437 1595
1438 1595
1439 1595
1440 1595
1441 1595
1442 1595
1443 1595
1444 1595
1445 1595
1446 1595
1447 1595
1448 1595
1449 1595
1450 1595
1451 1595
1452 1595
1453 1595
1454 1595
1455 1595
1456 1595
1457 1595
1458 1595
1459 1595
1460 1595
1461 1595
1462 1595
1463 1595
1464 1595
1465 1595
1466 1595
1467 1595
1468 1595
1469 1595
1470 1595
1471 1595
1472 1595
1473 1595
1474 1595
1475 1595
1476 1595
1477 1595
1478 1595
1479 1595
1480 1595
1481 1595
1482 1595
1483 1595
1484 1595
1485 1595
1486 1595
1487 1595
1488 1595
1489 1595
1490 1595
1491 1595
1492 1595
1493 1595
1494 1595
1495 1595
1496 1595
1497 1595
1498 1595
1499 1595
1500 1595
1501 1595
1502 1595
1503 1595
1504 1595
1505 1595
1506 1595
1507 1595
1508 1595
1509 1595
1510 1595
1511 1595
1512 1595
1513 1595
1514 1595
1515 1595
1516 1595
1517 1595
1518 1595
1519 1595
1520 1595
1521 1595
1522 1595
1523 1595
1524 1595
1525 1595
1526 1595
1527 1595
1528 1595
1529 1595
1530 1595
1531 1595
1532 1595
1533 1595
1534 1595
1535 1595
1536 1595
1537 1595
1538 1595
1539 1595
1540 1595
1541 1595
1542 1595
1543 1595
1544 1595
1545 1595
1546 1595
1547 1595
1548 1595
1549 1595
1550 1595
1551 1595
1552 1595
1553 1595
1554 1595
1555 1595
1556 1595
1557 1595
1558 1595
1559 1595
1560 1595
1561 1595
1562 1595
1563 1595
1564 1595
1565 1595
1566 1595
1567 1595
1568 1595
1569 1595
1570 1595
1571 1595
1572 1595
1573 1595
1574 1595
1575 1595
1576 1595
1577 1595
1578 1595
1579 1595
1580 1595
1581 1595
1582 1595
1583 1595
1584 1595
1585 1595
1586 1595
1587 1595
1588 1595
1589 1595
1590 1595
1591 1595
1592 1595
1593 1595
1594 1595
1595 1595
1596 1595
1597 1595
1598 1595
1599 1595
1600 1595
1601 1595
1602 1595
1603 1595
1604 1595
1605 1595
1606 1595
1607 1595
1608 1595
1609 1595
1610 1595
1611 1595
1612 1595
1613 1595
1614 1595
1615 1595
1616 1595
1617 1595
1618 1595
1619 1595
1620 1595
1621 1595
1622 1595
1623 1595
1624 1595
1625 1595
1626 1595
1627 1595
1628 1595
1629 1595
1630 1595
1631 1595
1632 1595
1633 1595
1634 1595
1635 1595
1636 1595
1637 1595
1638 1595
1639 1595
1640 1595
1641 1595
1642 1595
1643 1595
1644 1595
1645 1595
1646 1595
1647 1595
1648 1595
1649 1595
1650 1595
1651 1595
1652 1595
1653 1595
1654 1595
1655 1595
1656 1595
1657 1595
1658 1595
1659 1595
1660 1595
1661 1595
1662 1595
1663 1595
1664 1595
1665 1595
1666 1595
1667 1595
1668 1595
1669 1595
1670 1595
1671 1595
1672 1595
1673 1595
1674 1595
1675 1595
1676 1595
1677 1595
1678 1595
1679 1595
1680 1595
1681 1595
1682 1595
1683 1595
1684 1595
1685 1595
1686 1595
1687 1595
1688 1595
1689 1595
1690 1595
1691 1595
1692 1595
1693 1595
1694 1595
1695 1595
1696 1595
1697 1595
1698 1595
1699 1595
1700 1595
1701 1595
1702 1595
1703 1595
1704 1595
1705 1595
1706 1595
1707 1595
1708 1595
1709 1595
1710 1595
1711 1595
1712 1595
1713 1595
1714 1595
1715 1595
1716 1595
1717 1595
1718 1595
1719 1595
1720 1595
1721 1595
1722 1595
1723 1595
1724 1595
1725 1595
1726 1595
1727 1595
1728 1595
1729 1595
1730 1595
1731 1595
1732 1595
1733 1595
1734 1595
1735 1595
1736 1595
1737 1595
1738 1595
1739 1595
1740 1595
1741 1595
1742 1595
1743 1595
1744 1595
1745 1595
1746 1595
1747 1595
1748 1595
1749 1595
1750 1595
1751 1595
1752 1595
1753 1595
1754 1595
1755 1595
1756 1595
1757 1595
1758 1595
1759 1595
1760 1595
1761 1595
1762 1595
1763 1595
1764 1595
1765 1595
1766 1595
1767 1595
1768 1595
1769 1595
1770 1595
1771 1595
1772 1595
1773 1595
1774 1595
1775 1595
1776 1595
1777 1595
1778 1595
1779 1595
1780 1595
1781 1595
1782 1595
1783 1595
1784 1595
1785 1595
1786 1595
1787 1595
1788 1595
1789 1595
1790 1595
1791 1595
1792 1595
1793 1595
1794 1595
1795 1595
1796 1595
1797 1595
1798 1595
1799 1595
1800 1595
1801 1595
1802 1595
1803 1595
1804 1595
1805 1595
1806 1595
1807 1595
1808 1595
1809 1595
1810 1595
1811 1595
1812 1595
1813 1595
1814 1595
1815 1595
1816 1595
1817 1595
1818 1595
1819 1595
1820 1595
1821 1595
1822 1595
1823 1595
1824 1595
1825 1595
1826 1595
1827 1595
1828 1595
1829 1595
1830 1595
1831 1595
1832 1595
1833 1595
1834 1595
1835 1595
1836 1595
1837 1595
1838 1595
1839 1595
1840 1595
1841 1595
1842 1595
1843 1595
1844 1595
1845 1595
1846 1595
1847 1595
1848 1595
1849 1595
1850 1595
1851 1595
1852 1595
1853 1595
1854 1595
1855 1595
1856 1595
1857 1595
1858 1595
1859 1595
1860 1595
1861 1595
1862 1595
1863 1595
1864 1595
1865 1595
1866 1595
1867 1595
1868 1595
1869 1595
1870 1595
1871 1595
1872 1595
1873 1595
1874 1595
1875 1595
1876 1595
1877 1595
1878 1595
1879 1595
1880 1595
1881 1595
1882 1595
1883 1595
1884 1595
1885 1595
1886 1595
1887 1595
1888 1595
1889 1595
1890 1595
1891 1595
1892 1595
1893 1595
1894 1595
1895 1595
1896 1595
1897 1595
1898 1595
1899 1595
1900 1595
1901 1595
1902 1595
1903 1595
1904 1595
1905 1595
1906 1595
1907 1595
1908 1595
1909 1595
1910 1595
1911 1595
1912 1595
1913 1595
1914 1595
1915 1595
1916 1595
1917 1595
1918 1595
1919 1595
1920 1595
1921 1595
1922 1595
1923 1595
1924 1595
1925 1595
1926 1595
1927 1595
1928 1595
1929 1595
1930 1595
1931 1595
1932 1595
1933 1595
1934 1595
1935 1595
1936 1595
1937 1595
1938 1595
1939 1595
1940 1595
1941 1595
1942 1595
1943 1595
1944 1595
1945 1595
1946 1595
1947 1595
1948 1595
1949 1595
1950 1595
1951 1595
1952 1595
1953 1595
1954 1595
1955 1595
1956 1595
1957 1595
1958 1595
1959 1595
1960 1595
1961 1595
1962 1595
1963 1595
1964 1595
1965 1595
1966 1595
1967 1595
1968 1595
1969 1595
1970 1595
1971 1595
1972 1595
1973 1595
1974 1595
1975 1595
1976 1595
1977 1595
1978 1595
1979 1595
1980 1595
1981 1595
1982 1595
1983 1595
1984 1595
1985 1595
1986 1595
1987 1595
1988 1595
1989 1595
1990 1595
1991 1595
1992 1595
1993 1595
1994 1595
1995 1595
1996 1595
1997 1595
1998 1595
1999 1595
2000 1595
2001 1595
2002 1595
2003 1595
2004 1595
2005 1595
2006 1595
2007 1595
2008 1595
2009 1595
2010 1595
2011 1595
2012 1595
2013 1595
2014 1595
2015 1595
2016 1595
2017 1595
2018 1595
2019 1595
2020 1595
2021 1595
2022 1595
2023 1595
2024 1595
2025 1595
2026 1595
2027 1595
2028 1595
2029 1595
2030 1595
2031 1595
2032 1595
2033 1595
2034 1595
2035 1595
2036 1595
2037 1595
2038 1595
2039 1595
2040 1595
2041 1595
2042 1595
2043 1595
2044 1595
2045 1595
2046 1595
2047 1595
2048 1595
2049 1595
2050 1595
2051 1595
2052 1595
2053 1595
2054 1595
2055 1595
2056 1595
2057 1595
2058 1595
2059 1595
2060 1595
2061 1595
2062 1595
2063 1595
2064 1595
2065 1595
2066 1595
2067 1595
2068 1595
2069 1595
2070 1595
2071 1595
2072 1595
2073 1595
2074 1595
2075 1595
2076 1595
2077 1595
2078 1595
2079 1595
2080 1595
2081 1595
2082 1595
2083 1595
2084 1595
2085 1595
2086 1595
2087 1595
2088 1595
2089 1595
2090 1595
2091 1595
2092 1595
2093 1595
2094 1595
2095 1595
2096 1595
2097 1595
2098 1595
2099 1595
2100 1595
2101 1595
2102 1595
2103 1595
2104 1595
2105 1595
2106 1595
2107 1595
2108 1595
2109 1595
2110 1595
2111 1595
2112 1595
2113 1595
2114 1595
2115 1595
2116 1595
2117 1595
2118 1595
2119 1595
2120 1595
2121 1595
2122 1595
2123 1595
2124 1595
2125 1595
2126 1595
2127 1595
2128 1595
2129 1595
2130 1595
2131 1595
2132 1595
2133 1595
2134 1595
2135 1595
2136 1595
2137 1595
2138 1595
2139 1595
2140 1595
2141 1595
2142 1595
2143 1595
2144 1595
2145 1595
2146 1595
2147 1595
2148 1595
2149 1595
2150 1595
2151 1595
2152 1595
2153 1595
2154 1595
2155 1595
2156 1595
2157 1595
2158 1595
2159 1595
2160 1595
2161 1595
2162 1595
2163 1595
2164 1595
2165 1595
2166 1595
2167 1595
2168 1595
2169 1595
2170 1595
2171 1595
2172 1595
2173 1595
2174 1595
2175 1595
2176 1595
2177 1595
2178 1595
2179 1595
2180 1595
2181 1595
2182 1595
2183 1595
2184 1595
2185 1595
2186 1595
2187 1595
2188 1595
2189 1595
2190 1595
2191 1595
2192 1595
2193 1595
2194 1595
2195 1595
2196 1595
2197 1595
2198 1595
2199 1595
2200 1595
2201 1595
2202 1595
2203 1595
2204 1595
2205 1595
2206 1595
2207 1595
2208 1595
2209 1595
2210 1595
2211 1595
2212 1595
2213 1595
2214 1595
2215 1595
2216 1595
2217 1595
2218 1595
2219 1595
2220 1595
2221 1595
2222 1595
2223 1595
2224 1595
2225 1595
2226 1595
2227 1595
2228 1595
2229 1595
2230 1595
2231 1595
2232 1595
2233 1595
2234 1595
2235 1595
2236 1595
2237 1595
2238 1595
2239 1595
2240 1595
2241 1595
2242 1595
2243 1595
2244 1595
2245 1595
2246 1595
2247 1595
2248 1595
2249 1595
2250 1595
2251 1595
2252 1595
2253 1595
2254 1595
2255 1595
2256 1595
2257 1595
2258 1595
2259 1595
2260 1595
2261 1595
2262 1595
2263 1595
2264 1595
2265 1595
2266 1595
2267 1595
2268 1595
2269 1595
2270 1595
2271 1595
2272 1595
2273 1595
2274 1595
2275 1595
2276 1595
2277 1595
2278 1595
2279 1595
2280 1595
2281 1595
2282 1595
2283 1595
2284 1595
2285 1595
2286 1595
2287 1595
2288 1595
2289 1595
2290 1595
2291 1595
2292 1595
2293 1595
2294 1595
2295 1595
2296 1595
2297 1595
2298 1595
2299 1595
2300 1595
2301 1595
2302 1595
2303 1595
2304 1595
2305 1595
2306 1595
2307 1595
2308 1595
2309 1595
2310 1595
2311 1595
2312 1595
2313 1595
2314 1595
2315 1595
2316 1595
2317 1595
2318 1595
2319 1595
2320 1595
2321 1595
2322 1595
2323 1595
2324 1595
2325 1595
2326 1595
2327 1595
2328 1595
2329 1595
2330 1595
2331 1595
2332 1595
2333 1595
2334 1595
2335 1595
2336 1595
2337 1595
2338 1595
2339 1595
2340 1595
2341 1595
2342 1595
2343 1595
2344 1595
2345 1595
2346 1595
2347 1595
2348 1595
2349 1595
2350 1595
2351 1595
2352 1595
2353 1595
2354 1595
2355 1595
2356 1595
2357 1595
2358 1595
2359 1595
2360 1595
2361 1595
2362 1595
2363 1595
2364 1595
2365 1595
2366 1595
2367 1595
2368 1595
2369 1595
2370 1595
2371 1595
2372 1595
2373 1595
2374 1595
2375 1595
2376 1595
2377 1595
2378 1595
2379 1595
2380 1595
2381 1595
2382 1595
2383 1595
2384 1595
2385 1595
2386 1595
2387 1595
2388 1595
2389 1595
2390 1595
2391 1595
2392 1595
2393 1595
2394 1595
2395 1595
2396 1595
2397 1595
2398 1595
2399 1595
2400 1595
2401 1595
2402 1595
2403 1595
2404 1595
2405 1595
2406 1595
2407 1595
2408 1595
2409 1595
2410 1595
2411 1595
2412 1595
2413 1595
2414 1595
2415 1595
2416 1595
2417 1595
2418 1595
2419 1595
2420 1595
2421 1595
2422 1595
2423 1595
2424 1595
2425 1595
2426 1595
2427 1595
2428 1595
2429 1595
2430 1595
2431 1595
2432 1595
2433 1595
2434 1595
2435 1595
2436 1595
2437 1595
2438 1595
2439 1595
2440 1595
2441 1595
2442 1595
2443 1595
2444 1595
2445 1595
2446 1595
2447 1595
2448 1595
2449 1595
2450 1595
2451 1595
2452 1595
2453 1595
2454 1595
2455 1595
2456 1595
2457 1595
2458 1595
2459 1595
2460 1595
2461 1595
2462 1595
2463 1595
2464 1595
2465 1595
2466 1595
2467 1595
2468 1595
2469 1595
2470 1595
2471 1595
2472 1595
2473 1595
2474 1595
2475 1595
2476 1595
2477 1595
2478 1595
2479 1595
2480 1595
2481 1595
2482 1595
2483 1595
2484 1595
2485 1595
2486 1595
2487 1595
1348 1596
1349 1596
1350 1596
1351 1596
1359 1596
1360 1596
1361 1596
1362 1596
1363 1596
1364 1596
1365 1596
1366 1596
1367 1596
1368 1596
1369 1596
1370 1596
1371 1596
1372 1596
1373 1596
1374 1596
1375 1596
1348 1597
1349 1597
1350 1597
1351 1597
1352 1597
1353 1597
1354 1597
1355 1597
1356 1597
1357 1597
1358 1597
1344 1598
1345 1598
1346 1598
1347 1598
1352 1598
1353 1598
1354 1598
1355 1598
1356 1598
1357 1598
1358 1598
1334 1599
1335 1599
1339 1599
1340 1599
1341 1599
1342 1599
1343 1599
